2022001,28,6,8,6
2022002,29,15,14,20
2022003,10,14,7,11
2022004,14,9,16,11
2022005,22,13,15,16
2022006,5,12,12,17
2022007,28,10,27,20
2022008,10,6,5,12
2022009,6,5,29,24
2022010,16,5,10,24
2022011,14,14,12,6
2022012,6,13,7,9
2022013,12,6,27,22
2022014,27,14,20,11
2022015,26,11,17,25
2022016,16,15,30,8
2022017,9,8,3,19
2022018,9,11,27,19
2022019,26,12,10,22
2022020,19,4,6,20
2022021,19,15,20,25
2022022,7,7,25,22
2022023,11,8,5,11
2022024,23,11,11,13
2022025,30,4,4,9
2022026,18,12,23,24
2022027,18,4,12,6
2022028,10,9,13,20
2022029,9,7,19,15
2022030,25,14,4,16
2022031,29,12,11,25
2022032,8,15,8,14
2022033,18,8,22,21
2022034,22,5,15,17
2022035,23,4,29,10
2022036,25,10,18,16
2022037,13,13,8,23
2022038,8,12,14,7
2022039,8,12,11,9
2022040,23,5,28,25
2022041,20,14,3,23
2022042,11,5,30,24
2022043,5,9,10,9
2022044,10,4,8,13
2022045,22,7,19,19
2022046,25,8,14,18
2022047,17,4,14,9
2022048,16,10,27,10
2022049,15,8,18,23
2022050,21,15,4,18
2022051,16,5,19,25
2022052,20,13,9,19
2022053,23,6,10,9
2022054,29,9,27,8
2022055,27,7,8,9
2022056,29,9,14,13
2022057,17,9,23,20
2022058,6,5,22,8
2022059,18,15,26,12
2022060,22,15,30,12
2022061,24,14,3,23
2022062,19,11,30,11
2022063,25,14,12,15
2022064,26,15,18,16
2022065,6,10,8,7
2022066,10,9,3,10
2022067,16,11,25,23
2022068,5,4,13,14
2022069,27,8,27,17
2022070,18,15,6,10
2022071,9,12,20,7
2022072,29,9,12,8
2022073,9,7,22,15
2022074,12,12,24,6
2022075,26,15,18,23
2022076,29,6,23,24
2022077,17,14,21,9
2022078,11,7,11,10
2022079,17,12,12,10
2022080,20,11,23,14
2022081,18,10,5,22
2022082,18,15,14,21
2022083,29,10,10,10
2022084,10,12,11,22
2022085,24,14,11,15
2022086,14,11,9,9
2022087,9,6,24,11
2022088,17,11,21,15
2022089,18,15,11,25
2022090,15,4,16,20
2022091,15,15,24,21
2022092,10,4,27,10
2022093,23,9,23,18
2022094,30,5,6,13
2022095,28,5,29,22
2022096,21,11,15,7
2022097,29,11,26,7
2022098,16,8,26,6
2022099,10,7,23,25
2022100,7,8,3,6
2022101,30,13,3,17
2022102,19,6,8,17
2022103,30,4,28,18
2022104,22,14,22,21
2022105,11,15,27,24
2022106,23,6,8,18
2022107,20,9,5,10
2022108,19,6,22,15
2022109,25,7,30,20
2022110,15,7,26,20
2022111,9,10,21,7
2022112,19,7,12,15
2022113,25,12,24,11
2022114,19,8,7,23
2022115,9,14,21,18
2022116,21,10,18,14
2022117,18,9,9,8
2022118,28,5,21,12
2022119,29,14,6,24
2022120,24,12,9,15
2022121,12,5,22,19
2022122,9,4,18,6
2022123,9,5,18,25
2022124,24,5,12,19
2022125,17,12,12,23
2022126,22,4,29,8
2022127,16,10,17,6
2022128,30,10,14,10
2022129,28,4,21,16
2022130,25,6,5,9
2022131,30,10,24,6
2022132,13,14,27,10
2022133,19,4,20,19
2022134,6,4,15,13
2022135,14,13,13,22
2022136,26,8,5,20
2022137,14,10,8,9
2022138,27,11,13,23
2022139,15,6,13,14
2022140,28,14,28,8
2022141,21,4,7,19
2022142,21,7,21,22
2022143,24,7,7,8
2022144,19,10,23,14
2022145,28,12,13,13
2022146,13,8,28,19
2022147,16,12,9,23
2022148,29,11,3,22
2022149,27,10,6,8
2022150,7,15,25,13
2022151,24,7,24,18
2022152,25,15,17,9
2022153,8,12,7,22
2022154,7,14,11,9
2022155,30,15,29,6
2022156,27,5,26,7
2022157,24,14,8,21
2022158,8,6,30,24
2022159,25,9,26,22
2022160,16,6,27,14
2022161,13,11,7,19
2022162,27,14,13,8
2022163,24,9,11,21
2022164,16,9,23,17
2022165,23,14,8,16
2022166,12,4,11,8
2022167,26,15,15,8
2022168,23,15,11,23
2022169,13,10,5,15
2022170,6,13,8,8
2022171,21,13,16,15
2022172,20,15,23,25
2022173,14,11,23,11
2022174,7,5,14,21
2022175,19,5,15,21
2022176,14,14,21,21
2022177,8,7,20,9
2022178,13,4,5,8
2022179,23,15,27,24
2022180,14,12,5,19
2022181,21,8,25,16
2022182,18,9,17,22
2022183,24,9,28,17
2022184,20,6,21,12
2022185,19,12,29,6
2022186,5,14,29,6
2022187,7,4,28,10
2022188,17,10,30,11
2022189,26,14,16,15
2022190,14,4,6,13
2022191,28,10,28,20
2022192,25,4,28,24
2022193,8,11,25,16
2022194,22,8,19,24
2022195,12,10,25,12
2022196,19,9,20,18
2022197,14,12,18,17
2022198,11,7,6,6
2022199,23,4,7,14
2022200,24,6,28,25
2022201,24,15,20,11
2022202,9,9,7,23
2022203,8,5,5,21
2022204,9,12,23,13
2022205,13,4,9,22
2022206,6,12,27,10
2022207,21,10,5,8
2022208,8,12,28,19
2022209,24,15,15,20
2022210,7,4,23,7
2022211,10,6,24,24
2022212,15,8,4,6
2022213,25,4,30,7
2022214,14,15,30,22
2022215,27,15,16,19
2022216,11,11,23,23
2022217,20,12,22,9
2022218,26,15,21,15
2022219,18,9,7,14
2022220,29,9,17,16
2022221,14,9,4,20
2022222,22,15,20,13
2022223,30,4,25,21
2022224,30,11,22,16
2022225,8,10,18,17
2022226,6,6,5,20
2022227,6,10,8,12
2022228,9,5,3,13
2022229,6,7,25,24
2022230,24,10,9,20
2022231,22,13,7,19
2022232,8,5,29,22
2022233,16,5,19,25
2022234,16,12,26,23
2022235,6,4,3,24
2022236,11,6,23,20
2022237,23,4,29,24
2022238,30,13,21,19
2022239,17,8,10,15
2022240,5,13,19,15
2022241,5,15,9,13
2022242,13,7,5,16
2022243,26,5,15,19
2022244,7,9,25,16
2022245,7,8,13,7
2022246,13,10,21,12
2022247,8,13,11,19
2022248,6,12,16,19
2022249,24,12,19,21
2022250,25,7,29,22
2022251,14,11,22,13
2022252,12,6,10,24
2022253,14,5,5,23
2022254,8,11,22,24
2022255,28,11,7,23
2022256,12,12,24,24
2022257,25,4,8,12
2022258,23,9,7,19
2022259,10,13,5,14
2022260,28,7,16,9
2022261,27,14,24,11
2022262,23,14,17,16
2022263,21,4,26,15
2022264,17,9,23,15
2022265,8,14,29,24
2022266,5,9,5,20
2022267,9,7,22,20
2022268,24,10,13,18
2022269,13,4,17,21
2022270,19,4,4,20
2022271,14,6,4,14
2022272,30,5,19,9
2022273,26,12,6,8
2022274,18,5,25,7
2022275,10,13,11,18
2022276,9,14,10,8
2022277,24,14,28,9
2022278,17,10,18,24
2022279,25,13,15,21
2022280,22,8,9,7
2022281,16,10,4,22
2022282,27,13,10,23
2022283,14,10,6,15
2022284,9,9,13,19
2022285,16,11,25,16
2022286,19,9,10,9
2022287,6,14,30,15
2022288,27,14,8,24
2022289,8,8,26,10
2022290,20,8,30,25
2022291,28,5,28,22
2022292,5,5,14,18
2022293,27,4,7,17
2022294,5,6,14,20
2022295,15,8,29,19
2022296,11,15,18,19
2022297,28,8,5,6
2022298,12,10,4,21
2022299,27,9,23,20
2022300,22,4,27,7
2022301,20,6,9,11
2022302,24,10,19,6
2022303,19,14,18,22
2022304,7,11,6,25
2022305,16,6,22,14
2022306,16,11,16,9
2022307,18,9,24,24
2022308,18,5,8,24
2022309,24,6,4,19
2022310,19,7,3,13
2022311,9,13,12,25
2022312,27,14,27,19
2022313,29,9,26,8
2022314,8,4,22,24
2022315,18,9,3,9
2022316,12,5,13,15
2022317,8,6,19,7
2022318,16,9,11,13
2022319,18,4,13,18
2022320,13,15,22,20
2022321,21,6,7,11
2022322,6,7,5,15
2022323,23,5,8,14
2022324,18,14,26,13
2022325,30,8,19,8
2022326,28,8,8,10
2022327,26,14,24,9
2022328,8,8,10,13
2022329,7,5,11,19
2022330,24,15,25,25
2022331,30,11,30,18
2022332,27,9,29,13
2022333,13,14,10,24
2022334,26,14,21,22
2022335,19,10,8,7
2022336,20,10,26,25
2022337,10,7,23,18
2022338,30,10,30,7
2022339,21,5,8,10
2022340,26,7,23,25
2022341,28,11,20,19
2022342,29,7,28,10
2022343,21,9,22,20
2022344,11,4,10,6
2022345,15,13,25,11
2022346,21,13,15,23
2022347,10,10,8,9
2022348,25,15,16,7
2022349,9,7,3,14
2022350,19,13,15,9
2022351,14,9,26,22
2022352,13,13,28,10
2022353,24,14,24,8
2022354,28,6,11,13
2022355,23,12,13,15
2022356,27,12,21,20
2022357,26,9,20,10
2022358,14,10,17,15
2022359,27,9,21,15
2022360,30,10,7,25
2022361,6,11,19,12
2022362,28,4,8,9
2022363,14,4,24,19
2022364,29,4,29,10
2022365,9,11,28,15
2022366,15,5,6,23
2022367,27,7,17,14
2022368,19,5,13,11
2022369,15,10,21,13
2022370,26,15,23,15
2022371,20,11,6,12
2022372,22,4,25,6
2022373,26,10,19,23
2022374,29,6,24,17
2022375,7,6,9,24
2022376,13,6,28,17
2022377,7,14,22,11
2022378,18,14,15,16
2022379,13,11,10,6
2022380,30,12,24,25
2022381,5,12,14,21
2022382,5,11,21,18
2022383,30,15,14,16
2022384,15,5,3,20
2022385,21,13,27,6
2022386,29,10,4,25
2022387,26,8,29,25
2022388,12,14,27,7
2022389,7,13,8,6
2022390,8,8,10,22
2022391,21,10,25,15
2022392,26,4,6,21
2022393,12,6,17,6
2022394,20,5,6,13
2022395,26,5,17,8
2022396,27,12,3,12
2022397,26,11,4,15
2022398,6,10,13,20
2022399,27,4,3,18
2022400,18,14,30,18
2022401,21,12,28,8
2022402,17,15,12,18
2022403,13,13,22,15
2022404,6,15,29,8
2022405,26,5,4,21
2022406,21,6,9,13
2022407,5,12,16,13
2022408,7,6,19,12
2022409,15,9,4,8
2022410,23,12,22,14
2022411,24,10,26,7
2022412,24,10,30,16
2022413,12,6,23,15
2022414,22,10,25,15
2022415,16,8,4,7
2022416,29,12,13,24
2022417,10,4,4,10
2022418,23,14,8,22
2022419,19,12,22,17
2022420,20,11,28,11
2022421,8,15,21,6
2022422,18,7,28,22
2022423,30,8,4,23
2022424,24,15,25,22
2022425,25,5,6,14
2022426,5,15,29,6
2022427,24,10,21,6
2022428,17,15,25,10
2022429,24,13,25,24
2022430,26,6,16,12
2022431,15,15,19,12
2022432,24,10,4,21
2022433,15,4,29,21
2022434,28,11,15,12
2022435,21,9,30,16
2022436,11,14,22,19
2022437,6,9,21,8
2022438,29,5,19,21
2022439,19,7,14,21
2022440,10,6,27,9
2022441,10,14,5,23
2022442,11,5,16,14
2022443,10,13,15,21
2022444,16,14,10,8
2022445,30,15,13,25
2022446,5,13,17,8
2022447,11,10,21,7
2022448,22,14,11,10
2022449,21,14,3,15
2022450,12,4,28,7
2022451,19,9,4,8
2022452,21,13,17,7
2022453,25,13,6,16
2022454,25,6,16,24
2022455,18,10,21,7
2022456,27,11,29,20
2022457,18,6,18,14
2022458,26,4,12,7
2022459,25,6,14,23
2022460,30,7,30,18
2022461,18,15,24,14
2022462,19,12,14,7
2022463,11,6,28,17
2022464,9,6,3,6
2022465,22,9,30,24
2022466,13,4,14,6
2022467,8,7,8,6
2022468,22,11,11,11
2022469,30,10,21,10
2022470,24,6,25,24
2022471,26,12,23,21
2022472,30,11,4,17
2022473,18,8,30,25
2022474,12,10,11,9
2022475,13,12,22,15
2022476,26,9,23,13
2022477,26,7,18,8
2022478,18,11,29,16
2022479,27,5,9,23
2022480,30,4,16,13
2022481,23,8,21,16
2022482,5,7,24,8
2022483,5,5,28,16
2022484,30,15,15,19
2022485,18,11,30,10
2022486,30,15,18,12
2022487,29,15,11,20
2022488,9,12,15,25
2022489,16,6,29,10
2022490,19,6,28,25
2022491,7,10,27,12
2022492,25,8,21,20
2022493,21,15,5,11
2022494,15,12,19,8
2022495,27,4,5,20
2022496,30,10,3,9
2022497,9,7,11,17
2022498,14,11,14,13
2022499,18,8,19,16
2022500,10,11,30,21
2022501,8,4,27,13
2022502,29,6,6,15
2022503,25,7,8,11
2022504,26,11,23,8
2022505,20,14,20,8
2022506,10,8,5,18
2022507,27,5,10,13
2022508,20,14,27,9
2022509,14,15,18,12
2022510,27,6,11,14
2022511,30,12,20,22
2022512,20,11,26,6
2022513,21,7,9,14
2022514,23,12,13,16
2022515,20,12,3,21
2022516,28,8,17,12
2022517,29,8,3,25
2022518,29,7,11,19
2022519,20,9,25,8
2022520,17,13,12,18
2022521,5,13,24,18
2022522,17,14,8,25
2022523,6,6,11,13
2022524,16,15,21,8
2022525,20,12,8,15
2022526,27,11,7,22
2022527,23,15,28,9
2022528,30,7,26,12
2022529,29,12,27,8
2022530,10,14,28,11
2022531,13,10,19,12
2022532,6,10,19,8
2022533,7,7,6,20
2022534,7,5,20,18
2022535,21,12,3,11
2022536,26,15,27,12
2022537,8,10,29,10
2022538,6,12,9,20
2022539,22,5,23,24
2022540,21,8,3,21
2022541,14,14,7,7
2022542,28,12,17,22
2022543,8,14,24,16
2022544,24,7,24,9
2022545,29,12,12,21
2022546,28,12,12,19
2022547,9,15,16,7
2022548,27,11,30,19
2022549,19,12,13,22
2022550,27,8,10,9
2022551,21,7,12,19
2022552,19,15,23,23
2022553,13,11,8,11
2022554,20,14,13,11
2022555,10,4,3,10
2022556,13,4,8,16
2022557,7,10,24,11
2022558,12,9,29,11
2022559,13,14,14,24
2022560,29,6,30,8
2022561,29,9,13,15
2022562,24,13,27,6
2022563,19,13,11,10
2022564,27,12,26,20
2022565,20,4,10,22
2022566,26,4,18,10
2022567,15,13,15,17
2022568,8,7,28,10
2022569,5,9,4,20
2022570,6,9,7,9
2022571,12,11,4,11
2022572,7,5,17,25
2022573,20,8,11,25
2022574,15,4,9,23
2022575,19,6,12,12
2022576,12,6,24,24
2022577,12,8,6,10
2022578,7,10,15,19
2022579,11,13,15,13
2022580,12,7,3,22
2022581,18,4,19,22
2022582,26,13,24,18
2022583,17,8,27,15
2022584,8,5,4,17
2022585,8,13,21,14
2022586,22,15,18,20
2022587,8,12,6,7
2022588,13,10,15,15
2022589,7,15,3,23
2022590,9,4,8,19
2022591,10,12,9,16
2022592,15,8,21,21
2022593,23,10,3,9
2022594,20,13,6,12
2022595,22,15,11,10
2022596,29,10,6,23
2022597,16,7,6,24
2022598,27,4,8,11
2022599,26,5,29,11
2022600,8,8,9,24
2022601,22,4,27,7
2022602,23,13,29,19
2022603,24,12,28,16
2022604,13,11,15,14
2022605,19,11,21,21
2022606,22,10,16,13
2022607,11,11,9,13
2022608,23,10,4,17
2022609,27,5,5,9
2022610,19,14,23,7
2022611,29,6,26,9
2022612,27,12,21,10
2022613,17,12,4,19
2022614,20,13,20,25
2022615,11,10,14,19
2022616,27,15,23,22
2022617,18,4,11,10
2022618,13,9,29,21
2022619,26,6,26,15
2022620,30,9,19,17
2022621,8,4,30,11
2022622,11,5,6,14
2022623,5,8,25,12
2022624,19,7,30,19
2022625,8,10,14,17
2022626,19,12,11,18
2022627,7,4,15,20
2022628,21,11,15,12
2022629,28,8,28,8
2022630,21,14,22,10
2022631,10,12,14,20
2022632,15,11,6,17
2022633,22,12,22,7
2022634,6,9,27,18
2022635,13,10,19,13
2022636,12,8,15,21
2022637,28,7,7,24
2022638,5,13,23,12
2022639,16,14,7,11
2022640,17,5,14,20
2022641,21,9,23,7
2022642,21,10,26,23
2022643,24,6,23,16
2022644,10,14,11,11
2022645,12,5,19,25
2022646,15,10,24,13
2022647,28,15,16,14
2022648,21,4,29,15
2022649,26,9,17,15
2022650,27,14,3,8
2022651,13,6,22,24
2022652,11,10,29,20
2022653,22,13,19,6
2022654,30,9,3,10
2022655,6,6,29,19
2022656,28,6,8,11
2022657,14,11,26,14
2022658,22,4,24,16
2022659,23,13,26,9
2022660,30,7,4,23
2022661,5,8,5,13
2022662,20,11,5,15
2022663,22,6,13,6
2022664,30,10,18,25
2022665,28,15,6,11
2022666,14,10,8,9
2022667,27,6,15,6
2022668,30,11,5,15
2022669,10,13,27,16
2022670,23,4,13,24
2022671,24,14,15,22
2022672,12,9,23,9
2022673,25,6,20,13
2022674,10,11,3,20
2022675,16,4,18,14
2022676,5,10,25,11
2022677,19,13,28,18
2022678,29,10,3,15
2022679,13,7,25,20
2022680,5,10,7,6
2022681,6,11,25,21
2022682,26,14,25,24
2022683,6,6,26,15
2022684,16,9,6,10
2022685,22,12,14,20
2022686,20,9,12,23
2022687,13,14,16,25
2022688,13,13,24,20
2022689,5,10,26,21
2022690,14,5,27,11
2022691,9,5,13,18
2022692,24,5,29,23
2022693,8,5,26,22
2022694,6,14,25,6
2022695,29,13,21,22
2022696,15,4,11,9
2022697,9,10,13,23
2022698,19,15,6,11
2022699,8,8,17,13
2022700,24,7,11,18
2022701,9,14,24,11
2022702,30,13,22,24
2022703,6,4,29,17
2022704,12,6,23,24
2022705,18,8,25,11
2022706,15,8,17,15
2022707,18,8,25,21
2022708,30,9,18,25
2022709,25,5,13,20
2022710,20,5,22,23
2022711,7,8,26,19
2022712,6,15,12,14
2022713,25,8,20,15
2022714,8,11,22,19
2022715,22,15,9,15
2022716,28,14,4,24
2022717,13,10,14,14
2022718,27,14,7,14
2022719,30,7,11,6
2022720,10,10,4,22
2022721,13,8,13,7
2022722,24,15,27,7
2022723,21,8,13,13
2022724,15,15,29,6
2022725,28,5,19,10
2022726,8,8,18,15
2022727,26,13,12,17
2022728,19,14,21,21
2022729,9,5,26,23
2022730,6,10,6,14
2022731,11,8,13,13
2022732,22,12,8,15
2022733,9,12,7,22
2022734,12,7,24,15
2022735,13,8,13,20
2022736,25,7,5,10
2022737,13,4,9,6
2022738,23,13,18,24
2022739,23,11,27,14
2022740,11,12,11,21
2022741,23,4,14,12
2022742,8,10,7,17
2022743,22,15,15,6
2022744,20,5,23,20
2022745,24,9,20,10
2022746,21,11,3,13
2022747,18,6,28,10
2022748,14,8,11,15
2022749,23,14,22,18
2022750,22,7,14,12
2022751,18,11,8,14
2022752,7,7,24,11
2022753,25,6,3,17
2022754,25,10,24,7
2022755,9,11,16,6
2022756,22,11,17,12
2022757,12,14,17,9
2022758,26,13,21,20
2022759,24,4,6,6
2022760,17,4,20,10
2022761,26,11,11,8
2022762,21,9,17,21
2022763,18,8,11,19
2022764,22,12,27,8
2022765,27,5,3,6
2022766,12,11,3,11
2022767,29,11,15,14
2022768,18,7,25,24
2022769,15,15,11,14
2022770,12,14,28,13
2022771,7,10,25,8
2022772,5,6,28,21
2022773,14,10,25,8
2022774,11,7,11,7
2022775,23,15,16,20
2022776,29,14,14,7
2022777,26,10,26,9
2022778,13,12,21,9
2022779,24,4,9,25
2022780,26,4,23,13
2022781,24,10,23,8
2022782,23,10,29,6
2022783,15,11,7,8
2022784,10,15,3,12
2022785,17,9,23,13
2022786,26,10,23,19
2022787,21,11,30,18
2022788,18,5,29,8
2022789,21,12,25,14
2022790,14,11,20,25
2022791,21,6,3,14
2022792,6,10,28,14
2022793,19,10,27,14
2022794,24,9,12,19
2022795,20,12,30,10
2022796,18,6,24,13
2022797,12,14,22,17
2022798,6,4,15,23
2022799,18,4,4,13
2022800,20,13,29,12
2022801,5,14,10,23
2022802,18,8,30,23
2022803,29,7,24,11
2022804,22,8,9,24
2022805,18,7,5,11
2022806,8,4,17,19
2022807,17,4,18,12
2022808,5,15,8,19
2022809,20,12,18,20
2022810,27,10,22,14
2022811,24,7,23,25
2022812,23,8,26,19
2022813,15,6,9,6
2022814,9,13,8,22
2022815,23,4,9,14
2022816,5,12,9,6
2022817,15,7,14,9
2022818,20,13,18,19
2022819,9,4,25,11
2022820,5,7,25,7
2022821,24,9,4,18
2022822,21,8,24,25
2022823,27,15,21,9
2022824,21,13,11,15
2022825,26,8,19,12
2022826,17,5,22,16
2022827,29,12,7,24
2022828,8,10,30,23
2022829,29,10,30,25
2022830,7,4,20,14
2022831,24,6,11,16
2022832,19,8,14,20
2022833,27,14,28,21
2022834,10,12,24,11
2022835,15,8,19,22
2022836,7,14,17,21
2022837,14,14,26,24
2022838,15,4,6,18
2022839,22,5,3,6
2022840,18,10,17,13
2022841,6,15,24,25
2022842,30,13,22,12
2022843,24,14,18,8
2022844,5,11,13,9
2022845,5,14,18,9
2022846,9,12,25,10
2022847,16,11,12,23
2022848,17,4,4,11
2022849,23,6,7,11
2022850,18,15,26,8
2022851,20,10,13,20
2022852,15,15,11,25
2022853,15,15,27,12
2022854,15,9,11,23
2022855,5,12,11,22
2022856,26,15,17,25
2022857,11,4,4,7
2022858,25,15,10,23
2022859,28,14,14,14
2022860,24,9,28,24
2022861,8,11,11,7
2022862,28,5,18,13
2022863,13,13,26,20
2022864,25,12,26,12
2022865,8,11,7,12
2022866,26,9,14,21
2022867,24,15,10,16
2022868,17,5,22,9
2022869,7,4,12,12
2022870,9,11,24,14
2022871,27,9,30,8
2022872,25,15,24,7
2022873,8,8,23,13
2022874,10,13,18,22
2022875,16,9,24,19
2022876,14,9,17,24
2022877,16,10,14,7
2022878,8,4,9,12
2022879,14,5,20,18
2022880,8,12,26,12
2022881,12,13,5,21
2022882,8,8,27,25
2022883,15,9,7,15
2022884,12,4,5,24
2022885,16,6,8,9
2022886,9,10,22,23
2022887,5,11,27,21
2022888,30,4,7,14
2022889,13,4,13,13
2022890,26,15,9,8
2022891,24,4,29,14
2022892,23,14,11,21
2022893,18,5,13,15
2022894,16,11,30,11
2022895,27,6,6,17
2022896,14,12,17,21
2022897,29,14,8,23
2022898,6,14,17,13
2022899,22,11,20,9
2022900,12,7,9,15
2022901,5,8,14,23
2022902,17,5,4,23
2022903,23,12,25,24
2022904,24,5,8,15
2022905,12,5,27,23
2022906,14,7,5,23
2022907,22,6,16,20
2022908,12,8,26,20
2022909,16,11,21,11
2022910,26,12,8,9
2022911,11,6,10,10
2022912,11,6,10,7
2022913,13,12,24,23
2022914,15,6,14,20
2022915,9,7,13,17
2022916,6,15,4,16
2022917,9,10,16,16
2022918,29,4,9,15
2022919,15,15,24,7
2022920,11,4,5,24
2022921,11,9,6,11
2022922,19,5,25,22
2022923,16,4,22,8
2022924,14,9,4,13
2022925,28,4,15,22
2022926,9,13,9,22
2022927,16,15,26,10
2022928,29,13,14,23
2022929,19,9,13,14
2022930,12,7,19,15
2022931,28,6,20,24
2022932,14,14,28,13
2022933,25,8,22,6
2022934,22,12,21,21
2022935,19,4,20,17
2022936,11,4,15,20
2022937,10,9,20,11
2022938,29,9,26,12
2022939,21,13,15,12
2022940,25,13,18,20
2022941,13,10,12,12
2022942,5,7,15,11
2022943,23,15,12,16
2022944,9,4,18,11
2022945,13,7,23,23
2022946,14,9,22,15
2022947,9,4,7,21
2022948,20,4,23,13
2022949,6,6,22,15
2022950,30,5,27,13
2022951,11,9,9,19
2022952,8,10,28,22
2022953,11,10,21,6
2022954,5,13,6,22
2022955,28,5,4,24
2022956,6,6,15,6
2022957,14,7,7,22
2022958,25,5,4,14
2022959,17,11,12,23
2022960,29,6,4,9
2022961,23,5,12,20
2022962,30,15,5,16
2022963,9,12,18,17
2022964,17,7,17,23
2022965,16,14,11,19
2022966,12,12,20,13
2022967,17,9,24,21
2022968,23,7,13,22
2022969,30,10,6,6
2022970,25,8,30,16
2022971,5,13,19,17
2022972,11,8,24,6
2022973,8,6,5,8
2022974,21,6,7,6
2022975,10,10,14,19
2022976,5,6,8,14
2022977,10,11,20,7
2022978,20,9,12,9
2022979,17,9,10,23
2022980,5,7,11,7
2022981,7,14,11,17
2022982,15,13,17,12
2022983,14,11,3,24
2022984,27,14,12,11
2022985,8,13,28,12
2022986,12,4,12,10
2022987,22,8,21,25
2022988,7,5,29,17
2022989,8,7,25,23
2022990,8,7,7,14
2022991,13,14,15,21
2022992,17,5,26,8
2022993,18,7,7,25
2022994,20,14,23,24
2022995,8,4,9,20
2022996,22,12,7,24
2022997,27,13,17,12
2022998,5,8,22,15
2022999,17,12,23,10
2023000,26,8,16,18
2023001,15,12,4,7
